-0.666657	1.51502	0.0868509	0.0526324	-3.16337
-0.646889	1.51835	0.119716	0.072708	-1.9659
-0.633288	1.63225	0.178562	0.116583	-1.53798
-0.623826	1.72362	0.240841	0.166047	-1.33816
-0.616625	1.79537	0.301224	0.216324	-1.19474
-0.610789	1.85291	0.357461	0.264937	-1.08086
-0.605832	1.90358	0.408276	0.310875	-0.98338
-0.601464	1.94835	0.454614	0.354298	-0.894138
-0.597541	1.99033	0.496234	0.395067	-0.813863
-0.593934	2.02896	0.534045	0.433423	-0.74029
-0.590563	2.06508	0.568787	0.469835	-0.673145
-0.587375	2.09943	0.6009	0.504619	-0.612601
-0.584338	2.13173	0.630862	0.53793	-0.557726
-0.581439	2.16225	0.658823	0.569817	-0.508549
-0.578656	2.19077	0.685142	0.600395	-0.46408
-0.575982	2.21752	0.709835	0.62963	-0.424129
-0.573395	2.24225	0.733126	0.65754	-0.387589
-0.570891	2.26522	0.755014	0.684109	-0.354301
-0.568456	2.2864	0.775598	0.709332	-0.323518
-0.566087	2.30598	0.794873	0.733185	-0.295148
-0.563776	2.32402	0.812863	0.755645	-0.268911
-0.561515	2.3406	0.82962	0.776724	-0.244518
-0.559299	2.35585	0.845181	0.796447	-0.221929
-0.557123	2.36985	0.859601	0.814851	-0.200989
-0.554981	2.38269	0.872945	0.831985	-0.181583
-0.552869	2.39447	0.885266	0.847898	-0.163726
-0.550783	2.40526	0.896619	0.86264	-0.14731
-0.548722	2.41512	0.907064	0.876267	-0.132234
-0.546682	2.42412	0.916655	0.888834	-0.118449
-0.544662	2.43234	0.925442	0.900396	-0.105867
-0.542659	2.43982	0.933481	0.91101	-0.0943988
-0.540673	2.44661	0.940819	0.920729	-0.083961
-0.538701	2.45278	0.947502	0.929605	-0.0744949
-0.536741	2.45835	0.953571	0.937686	-0.0659272
-0.534793	2.46338	0.959066	0.945019	-0.0581703
-0.532855	2.46791	0.964026	0.951651	-0.0511719
-0.530926	2.47197	0.968487	0.957627	-0.0448788
-0.529004	2.47559	0.972485	0.962989	-0.0392315
-0.527089	2.47881	0.976054	0.967782	-0.0341818
-0.525179	2.48167	0.979227	0.972049	-0.0296837
-0.523275	2.4842	0.982039	0.975832	-0.0256879
-0.521375	2.48642	0.98452	0.979173	-0.0221513
-0.519479	2.48837	0.986702	0.982112	-0.0190348
-0.517586	2.49007	0.988615	0.984689	-0.0163003
-0.515696	2.49155	0.990285	0.986939	-0.0139108
-0.513808	2.49284	0.991739	0.988898	-0.0118311
-0.511923	2.49395	0.992999	0.990596	-0.0100279
-0.510039	2.49491	0.994088	0.992063	-0.00847028
-0.508157	2.49573	0.995026	0.993325	-0.00712973
-0.506276	2.49643	0.99583	0.994407	-0.0059802
-0.504396	2.49703	0.996517	0.995331	-0.00499808
-0.502517	2.49753	0.997101	0.996117	-0.00416216
-0.500638	2.49796	0.997597	0.996783	-0.00345343
-0.498761	2.49832	0.998015	0.997344	-0.00285493
-0.496884	2.49862	0.998366	0.997815	-0.00235158
-0.495007	2.49887	0.99866	0.998209	-0.00192996
-0.49313	2.49908	0.998905	0.998537	-0.00157827
-0.491254	2.49925	0.999108	0.99881	-0.00128614
-0.489378	2.4994	0.999277	0.999035	-0.00104445
-0.487503	2.49951	0.999415	0.99922	-0.000845247
-0.485627	2.49961	0.999529	0.999373	-0.000681684
-0.483752	2.49969	0.999622	0.999497	-0.000547889
-0.481876	2.49975	0.999698	0.999598	-0.000438849
-0.480001	2.4998	0.99976	0.99968	-0.000350308
-0.478126	2.49984	0.99981	0.999747	-0.000278672
-0.476251	2.49988	0.99985	0.9998	-0.000220922
-0.474375	2.4999	0.999883	0.999843	-0.000174536
-0.4725	2.49992	0.999908	0.999878	-0.000137414
-0.470625	2.49994	0.999929	0.999905	-0.000107815
-0.46875	2.49995	0.999945	0.999927	-8.43027e-05
-0.466875	2.49996	0.999958	0.999944	-6.56942e-05
-0.465	2.49997	0.999968	0.999957	-5.10213e-05
-0.463125	2.49998	0.999976	0.999968	-3.94938e-05
-0.46125	2.49998	0.999983	0.999976	-3.04701e-05
-0.459375	2.49999	0.999988	0.999982	-2.34314e-05
-0.4575	2.49999	0.999991	0.999988	-1.79601e-05
-0.455625	2.49999	0.999994	0.999991	-1.37218e-05
-0.45375	2.49999	0.999997	0.999994	-1.04497e-05
-0.451875	2.5	0.999998	0.999997	-7.93207e-06
-0.45	2.5	1	0.999998	-6.00146e-06
-0.448125	2.5	1	1	-4.52599e-06
-0.44625	2.5	1	1	-3.40216e-06
-0.444375	2.5	1	1	-2.54907e-06
-0.4425	2.5	1	1	-1.90371e-06
-0.440625	2.5	1	1	-1.41716e-06
-0.43875	2.5	1	1	-1.05159e-06
-0.436875	2.5	1	1	-7.77836e-07
-0.435	2.5	1	1	-5.73535e-07
-0.433125	2.5	1	1	-4.21569e-07
-0.43125	2.5	1	1	-3.08903e-07
-0.429375	2.5	1	1	-2.25644e-07
-0.4275	2.5	1	1	-1.64316e-07
-0.425625	2.5	1	1	-1.19285e-07
-0.42375	2.5	1	1	-8.63263e-08
-0.421875	2.5	1	1	-6.22806e-08
-0.42	2.5	1	1	-4.47934e-08
-0.418125	2.5	1	1	-3.21165e-08
-0.41625	2.5	1	1	-2.29561e-08
-0.414375	2.5	1	1	-1.6358e-08
-0.4125	2.5	1	1	-1.16206e-08
-0.410625	2.5	1	1	-8.23015e-09
-0.40875	2.5	1	1	-5.8113e-09
-0.406875	2.5	1	1	-4.09106e-09
-0.405	2.5	1	1	-2.87146e-09
-0.403125	2.5	1	1	-2.00948e-09
-0.40125	2.5	1	1	-1.4021e-09
-0.399375	2.5	1	1	-9.75434e-10
-0.3975	2.5	1	1	-6.76611e-10
-0.395625	2.5	1	1	-4.67955e-10
-0.39375	2.5	1	1	-3.22698e-10
-0.391875	2.5	1	1	-2.21878e-10
-0.39	2.5	1	1	-1.52111e-10
-0.388125	2.5	1	1	-1.03979e-10
-0.38625	2.5	1	1	-7.08706e-11
-0.384375	2.5	1	1	-4.81653e-11
-0.3825	2.5	1	1	-3.26405e-11
-0.380625	2.5	1	1	-2.20569e-11
-0.37875	2.5	1	1	-1.48627e-11
-0.376875	2.5	1	1	-9.98685e-12
-0.375	2.5	1	1	-6.69198e-12
-0.373125	2.5	1	1	-4.47149e-12
-0.37125	2.5	1	1	-2.97956e-12
-0.369375	2.5	1	1	-1.97983e-12
-0.3675	2.5	1	1	-1.31181e-12
-0.365625	2.5	1	1	-8.66768e-13
-0.36375	2.5	1	1	-5.71144e-13
-0.361875	2.5	1	1	-3.75273e-13
-0.36	2.5	1	1	-2.45953e-13
-0.358125	2.5	1	1	-1.60542e-13
-0.35625	2.5	1	1	-1.04424e-13
-0.354375	2.5	1	1	-6.78933e-14
-0.3525	2.5	1	1	-4.39478e-14
-0.350625	2.5	1	1	-2.82707e-14
-0.34875	2.5	1	1	-1.8135e-14
-0.346875	2.5	1	1	-1.13928e-14
-0.345	2.5	1	1	-6.99313e-15
-0.343125	2.5	1	1	-4.31842e-15
-0.34125	2.5	1	1	-2.51641e-15
-0.339375	2.5	1	1	-1.36579e-15
-0.3375	2.5	1	1	-6.82375e-16
-0.335625	2.5	1	1	-3.33869e-16
-0.33375	2.5	1	1	1.18144e-16
-0.331875	2.5	1	1	-2.24827e-16
-0.33	2.5	1	1	-4.18869e-16
-0.328125	2.5	1	1	-8.60598e-16
-0.32625	2.5	1	1	-6.98437e-16
-0.324375	2.5	1	1	-5.8058e-16
-0.3225	2.5	1	1	-6.19297e-16
-0.320625	2.5	1	1	-4.89977e-16
-0.31875	2.5	1	1	-4.67615e-16
-0.316875	2.5	1	1	-4.87979e-16
-0.315	2.5	1	1	-3.63668e-16
-0.313125	2.5	1	1	-3.27136e-16
-0.31125	2.5	1	1	-2.91989e-16
-0.309375	2.5	1	1	-1.62544e-16
-0.3075	2.5	1	1	-1.78905e-16
-0.305625	2.5	1	1	-1.92834e-16
-0.30375	2.5	1	1	-2.10321e-16
-0.301875	2.5	1	1	-1.22961e-16
-0.3	2.5	1	1	-9.15283e-17
-0.298125	2.5	1	1	-1.60674e-16
-0.29625	2.5	1	1	-3.32724e-17
-0.294375	2.5	1	1	-1.29777e-16
-0.2925	2.5	1	1	5.80414e-17
-0.290625	2.5	1	1	-2.14763e-17
-0.28875	2.5	1	1	6.69617e-17
-0.286875	2.5	1	1	1.15829e-16
-0.285	2.5	1	1	2.5363e-17
-0.283125	2.5	1	1	1.08493e-16
-0.28125	2.5	1	1	1.81624e-16
-0.279375	2.5	1	1	3.25346e-16
-0.2775	2.5	1	1	2.7799e-16
-0.275625	2.5	1	1	3.64691e-16
-0.27375	2.5	1	1	3.78257e-16
-0.271875	2.5	1	1	3.35393e-16
-0.27	2.5	1	1	2.45607e-16
-0.268125	2.5	1	1	1.01976e-16
-0.26625	2.5	1	1	-1.38811e-15
-0.264375	2.5	1	1	-1.53258e-15
-0.2625	2.5	1	1	-1.44048e-15
-0.260625	2.5	1	1	-1.31733e-15
-0.25875	2.5	1	1	-9.50716e-16
-0.256875	2.5	1	1	-4.91872e-16
-0.255	2.5	1	1	4.8335e-16
-0.253125	2.5	1	1	1.76694e-15
-0.25125	2.5	1	1	3.53999e-15
-0.249375	2.5	1	1	5.99498e-15
-0.2475	2.5	1	1	9.83633e-15
-0.245625	2.5	1	1	1.53397e-14
-0.24375	2.5	1	1	2.3493e-14
-0.241875	2.5	1	1	3.58807e-14
-0.24	2.5	1	1	5.4889e-14
-0.238125	2.5	1	1	8.33522e-14
-0.23625	2.5	1	1	1.2675e-13
-0.234375	2.5	1	1	1.92554e-13
-0.2325	2.5	1	1	2.92168e-13
-0.230625	2.5	1	1	4.42415e-13
-0.22875	2.5	1	1	6.69119e-13
-0.226875	2.5	1	1	1.01013e-12
-0.225	2.5	1	1	1.52165e-12
-0.223125	2.5	1	1	2.28734e-12
-0.22125	2.5	1	1	3.43092e-12
-0.219375	2.5	1	1	5.1347e-12
-0.2175	2.5	1	1	7.667e-12
-0.215625	2.5	1	1	1.14218e-11
-0.21375	2.5	1	1	1.69752e-11
-0.211875	2.5	1	1	2.51676e-11
-0.21	2.5	1	1	3.72218e-11
-0.208125	2.5	1	1	5.49121e-11
-0.20625	2.5	1	1	8.08058e-11
-0.204375	2.5	1	1	1.18606e-10
-0.2025	2.5	1	1	1.73639e-10
-0.200625	2.5	1	1	2.53546e-10
-0.19875	2.5	1	1	3.69254e-10
-0.196875	2.5	1	1	5.36336e-10
-0.195	2.5	1	1	7.76923e-10
-0.193125	2.5	1	1	1.12236e-09
-0.19125	2.5	1	1	1.61687e-09
-0.189375	2.5	1	1	2.32269e-09
-0.1875	2.5	1	1	3.32701e-09
-0.185625	2.5	1	1	4.75162e-09
-0.18375	2.5	1	1	6.76606e-09
-0.181875	2.5	1	1	9.60544e-09
-0.18	2.5	1	1	1.35948e-08
-0.178125	2.5	1	1	1.91818e-08
-0.17625	2.5	1	1	2.69814e-08
-0.174375	2.5	1	1	3.78347e-08
-0.1725	2.5	1	1	5.28889e-08
-0.170625	2.5	1	1	7.37029e-08
-0.16875	2.5	1	1	1.02388e-07
-0.166875	2.5	1	1	1.4179e-07
-0.165	2.5	1	1	1.95737e-07
-0.163125	2.5	1	1	2.6935e-07
-0.16125	2.5	1	1	3.69457e-07
-0.159375	2.5	1	1	5.05125e-07
-0.1575	2.5	1	1	6.88349e-07
-0.155625	2.5	1	1	9.3493e-07
-0.15375	2.5	1	1	1.26561e-06
-0.151875	2.5	1	1	1.70752e-06
-0.15	2.5	1	1	2.296e-06
-0.148125	2.5	1	1	3.07694e-06
-0.14625	2.5	1	1	4.10973e-06
-0.144375	2.5	1	0.999999	5.47087e-06
-0.1425	2.5	0.999999	0.999997	7.25862e-06
-0.140625	2.49999	0.999997	0.999995	9.59858e-06
-0.13875	2.49999	0.999995	0.999992	1.26507e-05
-0.136875	2.49999	0.999992	0.999989	1.66175e-05
-0.135	2.49999	0.999989	0.999984	2.17549e-05
-0.133125	2.49998	0.999984	0.999978	2.83838e-05
-0.13125	2.49998	0.999978	0.99997	3.69054e-05
-0.129375	2.49997	0.999971	0.99996	4.78191e-05
-0.1275	2.49997	0.999961	0.999947	6.17431e-05
-0.125625	2.49996	0.999949	0.999931	7.94404e-05
-0.12375	2.49994	0.999933	0.99991	0.000101849
-0.121875	2.49993	0.999913	0.999884	0.000130116
-0.12	2.49991	0.999889	0.999851	0.000165643
-0.118124	2.49988	0.999858	0.99981	0.000210131
-0.116249	2.49985	0.999819	0.999759	0.000265639
-0.114374	2.49981	0.999771	0.999695	0.000334642
-0.112499	2.49976	0.999711	0.999616	0.000420107
-0.110624	2.4997	0.999638	0.999518	0.000525566
-0.108748	2.49962	0.999548	0.999398	0.000655193
-0.106873	2.49953	0.999437	0.99925	0.000813895
-0.104997	2.49942	0.999303	0.99907	0.0010074
-0.103121	2.49928	0.999139	0.998851	0.00124236
-0.101245	2.49911	0.998941	0.998586	0.00152654
-0.0993686	2.49891	0.998702	0.998266	0.00186877
-0.0974919	2.49866	0.998416	0.997882	0.00227919
-0.0956148	2.49837	0.998073	0.997423	0.00276935
-0.0937372	2.49802	0.997666	0.996876	0.00335245
-0.091859	2.4976	0.997183	0.996227	0.00404345
-0.0899801	2.49711	0.996613	0.995461	0.00485922
-0.0881004	2.49653	0.995943	0.994559	0.00581872
-0.0862195	2.49584	0.995158	0.993503	0.00694307
-0.0843375	2.49504	0.994243	0.992271	0.00825564
-0.0824539	2.49411	0.993178	0.990837	0.00978198
-0.0805687	2.49302	0.991946	0.989176	0.0115497
-0.0786813	2.49176	0.990524	0.98726	0.0135884
-0.0767917	2.49031	0.988889	0.985056	0.015929
-0.0748992	2.48864	0.987016	0.982533	0.0186043
-0.0730036	2.48674	0.98488	0.979655	0.0216479
-0.0711043	2.48456	0.982453	0.976386	0.0250949
-0.0692007	2.48209	0.979707	0.97269	0.0289817
-0.0672922	2.4793	0.976614	0.968528	0.0333475
-0.065378	2.47616	0.973142	0.963863	0.0382409
-0.0634572	2.47264	0.969263	0.958656	0.0437094
-0.0615289	2.46871	0.964945	0.952867	0.0498028
-0.059592	2.46433	0.960155	0.946456	0.0565822
-0.0576452	2.45947	0.954858	0.939378	0.0641063
-0.0556875	2.45409	0.949016	0.931588	0.0724246
-0.0537175	2.44814	0.94259	0.923036	0.0816105
-0.0517339	2.44158	0.935535	0.913674	0.0917363
-0.0497355	2.43437	0.927808	0.90345	0.10284
-0.0477206	2.42644	0.919362	0.892312	0.114968
-0.0456875	2.41776	0.910152	0.880212	0.128155
-0.0436343	2.40827	0.900135	0.867107	0.142445
-0.0415587	2.39792	0.889277	0.852967	0.157852
-0.0394572	2.38667	0.87755	0.83777	0.174398
-0.0373262	2.37449	0.864934	0.821509	0.192131
-0.0351614	2.36133	0.851421	0.804195	0.211085
-0.0329578	2.34718	0.837019	0.785853	0.231318
-0.0307101	2.33202	0.821738	0.766524	0.252982
-0.0284143	2.31585	0.805599	0.746259	0.276236
-0.0260683	2.29865	0.788647	0.725128	0.301269
-0.0236659	2.2804	0.770877	0.703162	0.328371
-0.0212023	2.26121	0.752257	0.680403	0.357795
-0.0186792	2.24111	0.732784	0.656901	0.389613
-0.016092	2.22023	0.712343	0.632625	0.42358
-0.0134305	2.1988	0.690782	0.607556	0.459149
-0.0106933	2.17719	0.668097	0.58183	0.495387
-0.00787546	2.15609	0.644379	0.555735	0.531162
-0.0049476	2.13634	0.619662	0.529523	0.56491
-0.0018502	2.1194	0.594069	0.503627	0.594763
0.00142551	2.10822	0.56869	0.47957	0.621304
0.004894	2.10628	0.544739	0.458948	0.640972
0.0085911	2.12006	0.524661	0.444925	0.651317
0.0124793	2.15777	0.51189	0.441816	0.65769
0.0162471	2.22296	0.508228	0.451908	0.66263
0.0200585	2.31932	0.513487	0.476375	0.666528
0.0243165	2.44413	0.524977	0.513244	0.721553
0.0275174	1.89986	0.531286	0.403748	0.772401
0.034796	2.16568	0.517207	0.448041	0.971308
0.0326609	2.29865	0.527103	0.484651	0.717904
0.034226	2.32847	0.520424	0.484717	0.606327
0.0402444	2.2546	0.469335	0.423265	0.641024
0.0450334	2.14144	0.412926	0.353703	0.487445
0.0500625	2.019	0.353788	0.285719	0.265468
0.0566235	1.90473	0.2987	0.227577	0.118696
0.0638598	1.83543	0.267242	0.196201	0.0440265
0.0712499	1.80683	0.254959	0.184267	0.0111691
0.0787385	1.79781	0.251146	0.180606	0.00180129
0.086244	1.7954	0.250155	0.179651	0.000104091
0.0937467	1.79488	0.249959	0.179459	-0.000297091
0.101248	1.79488	0.249966	0.179464	-0.000249837
0.108749	1.79493	0.249988	0.179485	-0.000135153
0.11625	1.79497	0.250001	0.179498	-6.65933e-05
0.12375	1.79498	0.250009	0.179505	-3.07226e-05
0.13125	1.79499	0.250013	0.179508	-1.30179e-05
0.13875	1.795	0.250014	0.17951	-5.17172e-06
0.14625	1.795	0.250015	0.179511	-1.945e-06
0.15375	1.795	0.250015	0.179511	-6.88799e-07
0.16125	1.795	0.250015	0.179511	-2.30133e-07
0.16875	1.795	0.250015	0.179511	-7.2961e-08
0.17625	1.795	0.250015	0.179511	-2.19689e-08
0.18375	1.795	0.250015	0.179511	-6.27872e-09
0.19125	1.795	0.250015	0.179511	-1.70642e-09
0.19875	1.795	0.250015	0.179511	-4.41858e-10
0.20625	1.795	0.250015	0.179511	-1.09022e-10
0.21375	1.795	0.250015	0.179511	-2.56363e-11
0.22125	1.795	0.250015	0.179511	-5.75261e-12
0.22875	1.795	0.250015	0.179511	-1.23282e-12
0.23625	1.795	0.250015	0.179511	-2.52054e-13
0.24375	1.795	0.250015	0.179511	-4.86647e-14
0.25125	1.795	0.250015	0.179511	-7.83068e-15
0.25875	1.795	0.250015	0.179511	-5.98827e-16
0.26625	1.795	0.250015	0.179511	-2.3527e-15
0.27375	1.795	0.250015	0.179511	-1.08177e-15
0.28125	1.795	0.250015	0.179511	1.10731e-15
0.28875	1.795	0.250015	0.179511	2.39656e-15
0.29625	1.795	0.250015	0.179511	1.55653e-15
0.30375	1.795	0.250015	0.179511	2.76446e-16
0.31125	1.795	0.250015	0.179511	-1.32699e-15
0.31875	1.795	0.250015	0.179511	-2.42056e-15
0.32625	1.795	0.250015	0.179511	-1.16407e-15
0.33375	1.795	0.250015	0.179511	1.04985e-15
0.34125	1.795	0.250015	0.179511	2.55337e-15
0.34875	1.795	0.250015	0.179511	1.99216e-15
0.35625	1.795	0.250015	0.179511	5.44426e-15
0.36375	1.795	0.250015	0.179511	3.19951e-14
0.37125	1.795	0.250015	0.179511	1.76017e-13
0.37875	1.795	0.250015	0.179511	9.27683e-13
0.38625	1.795	0.250015	0.179511	4.69751e-12
0.39375	1.795	0.250015	0.179511	2.27976e-11
0.40125	1.795	0.250015	0.179511	1.06051e-10
0.40875	1.795	0.250015	0.179511	4.72798e-10
0.41625	1.795	0.250015	0.179511	2.0175e-09
0.42375	1.795	0.250015	0.179511	8.23197e-09
0.43125	1.795	0.250015	0.179511	3.21086e-08
0.43875	1.795	0.250015	0.179511	1.19625e-07
0.44625	1.795	0.250015	0.179511	4.25081e-07
0.45375	1.795	0.250015	0.179511	1.43945e-06
0.46125	1.795	0.250014	0.17951	4.64363e-06
0.46875	1.79499	0.250012	0.179508	1.42535e-05
0.47625	1.79498	0.250007	0.179503	4.15495e-05
0.48375	1.79494	0.249991	0.179488	0.000114917
0.491251	1.79485	0.249953	0.179451	0.000301405
0.498753	1.79463	0.249861	0.179363	0.000748095
0.506257	1.79412	0.249654	0.179164	0.00175264
0.513767	1.79304	0.249219	0.178743	0.00387514
0.521291	1.79085	0.248353	0.177906	0.00809689
0.528844	1.78668	0.24672	0.176325	0.0159719
0.53645	1.7792	0.243818	0.173521	0.0296509
0.54416	1.76656	0.238976	0.168867	0.0528684
0.552057	1.74648	0.231414	0.161664	0.0908129
0.560248	1.71682	0.220494	0.151419	0.146028
0.568986	1.67502	0.205629	0.137773	0.220028
0.578493	1.61203	0.184504	0.118971	0.328775
0.589274	1.52067	0.152992	0.0930597	0.483853
0.604073	1.38783	0.103916	0.057687	0.894141
0.632126	1.48243	0.0784183	0.0464997	1.43612
