-1.10677	1.45639	0.078125	0.0455122	-3.26121
-0.988921	1.31797	0.0781363	0.0411924	-2.66975
-0.958253	1.25221	0.0781928	0.0391656	-2.63952
-0.928533	1.19098	0.0783486	0.0373247	-2.61462
-0.899805	1.14277	0.0786261	0.0359406	-2.5914
-0.871928	1.10755	0.0795264	0.0352318	-2.55164
-0.846	1.09926	0.0836575	0.0367844	-2.4412
-0.823783	1.12983	0.096094	0.0434279	-2.24856
-0.805931	1.19286	0.117109	0.055878	-2.05143
-0.791322	1.2521	0.138234	0.0692332	-1.92176
-0.778492	1.29506	0.154955	0.0802702	-1.83113
-0.766921	1.33051	0.169264	0.0900832	-1.76022
-0.756224	1.3594	0.181323	0.0985959	-1.70604
-0.746162	1.38415	0.191817	0.106201	-1.66155
-0.736594	1.40738	0.201841	0.113626	-1.61889
-0.727505	1.43097	0.212144	0.121429	-1.57545
-0.718852	1.45509	0.222973	0.129778	-1.53168
-0.71063	1.47961	0.234288	0.138662	-1.48757
-0.702804	1.50389	0.245862	0.1479	-1.44418
-0.695344	1.52739	0.257393	0.157256	-1.40341
-0.688208	1.54968	0.268652	0.16653	-1.36511
-0.681362	1.57073	0.279557	0.175643	-1.3293
-0.674776	1.59062	0.290102	0.184576	-1.29596
-0.668424	1.6095	0.300307	0.193338	-1.26483
-0.662278	1.62758	0.310247	0.201981	-1.2355
-0.656321	1.64507	0.320027	0.210588	-1.20738
-0.650541	1.66225	0.329763	0.219259	-1.17985
-0.644927	1.67925	0.339556	0.22808	-1.1526
-0.639475	1.69616	0.349437	0.237081	-1.12545
-0.634177	1.71288	0.359371	0.246224	-1.09859
-0.629026	1.72934	0.36929	0.25545	-1.07238
-0.624012	1.74541	0.379126	0.264691	-1.04717
-0.619126	1.76104	0.388828	0.273897	-1.02292
-0.61436	1.77622	0.398376	0.283042	-0.999506
-0.609707	1.79099	0.407775	0.292129	-0.976915
-0.605158	1.80537	0.417037	0.301162	-0.955102
-0.600709	1.81941	0.426177	0.310156	-0.934012
-0.596353	1.83316	0.435226	0.319136	-0.91357
-0.592085	1.84667	0.444212	0.328126	-0.893623
-0.587902	1.86	0.453164	0.337153	-0.87397
-0.5838	1.87315	0.462101	0.346234	-0.854502
-0.579777	1.88615	0.471022	0.355368	-0.835232
-0.575831	1.89897	0.479915	0.364539	-0.816246
-0.571957	1.91159	0.488759	0.373724	-0.797667
-0.568154	1.924	0.497535	0.382902	-0.779581
-0.564416	1.93616	0.506227	0.392054	-0.761984
-0.560742	1.94809	0.514825	0.40117	-0.744816
-0.557129	1.95979	0.523331	0.410247	-0.728043
-0.553574	1.97126	0.531748	0.419286	-0.711665
-0.550074	1.98254	0.540083	0.428294	-0.695669
-0.546627	1.99363	0.548345	0.437278	-0.680041
-0.543232	2.00455	0.556544	0.446247	-0.664753
-0.539885	2.01531	0.56469	0.455211	-0.649728
-0.536586	2.02594	0.572791	0.464175	-0.634908
-0.533334	2.03642	0.580849	0.473141	-0.620245
-0.530126	2.04677	0.588864	0.482108	-0.605759
-0.526962	2.05698	0.59683	0.491068	-0.591479
-0.52384	2.06705	0.604742	0.500012	-0.577451
-0.520759	2.07696	0.612592	0.508931	-0.563701
-0.517717	2.08672	0.620372	0.517817	-0.55025
-0.514713	2.09632	0.628079	0.526663	-0.537073
-0.511745	2.10577	0.635709	0.535463	-0.524148
-0.508813	2.11506	0.643263	0.544216	-0.511465
-0.505915	2.1242	0.650743	0.552924	-0.499021
-0.50305	2.13321	0.65815	0.561588	-0.48682
-0.500216	2.14207	0.665489	0.57021	-0.474848
-0.497414	2.15081	0.672763	0.578794	-0.463099
-0.494641	2.15943	0.679976	0.587343	-0.451544
-0.491897	2.16792	0.68713	0.595857	-0.440161
-0.489182	2.1763	0.694225	0.604337	-0.428925
-0.486494	2.18456	0.701262	0.61278	-0.417831
-0.483833	2.19271	0.708239	0.621185	-0.406889
-0.481199	2.20074	0.715153	0.629546	-0.396113
-0.47859	2.20865	0.722	0.637858	-0.385519
-0.476005	2.21644	0.728778	0.646116	-0.375116
-0.473444	2.2241	0.735482	0.654315	-0.364918
-0.470907	2.23164	0.74211	0.662449	-0.354911
-0.468392	2.23906	0.74866	0.670516	-0.345094
-0.465899	2.24635	0.755129	0.678512	-0.335454
-0.463427	2.25351	0.761518	0.686436	-0.32599
-0.460975	2.26056	0.767826	0.694286	-0.3167
-0.458544	2.26748	0.774054	0.702062	-0.307588
-0.456132	2.27429	0.780203	0.709763	-0.298647
-0.453739	2.28099	0.786272	0.717391	-0.289876
-0.451364	2.28757	0.792264	0.724943	-0.28127
-0.449007	2.29404	0.79818	0.732421	-0.272815
-0.446667	2.3004	0.804018	0.739824	-0.264507
-0.444344	2.30665	0.809779	0.74715	-0.256334
-0.442037	2.31279	0.815463	0.754398	-0.248293
-0.439747	2.31883	0.821067	0.761565	-0.240388
-0.437472	2.32475	0.826592	0.768649	-0.23262
-0.435212	2.33057	0.832034	0.775645	-0.224998
-0.432967	2.33627	0.837392	0.78255	-0.217525
-0.430736	2.34186	0.842664	0.789361	-0.210203
-0.428519	2.34734	0.847846	0.796074	-0.203041
-0.426316	2.35271	0.852938	0.802685	-0.196035
-0.424126	2.35795	0.857937	0.809191	-0.189185
-0.421948	2.36309	0.862842	0.815589	-0.182488
-0.419782	2.36811	0.867652	0.821877	-0.175941
-0.417629	2.37301	0.872366	0.828054	-0.169543
-0.415487	2.3778	0.876983	0.834117	-0.163294
-0.413356	2.38248	0.881504	0.840065	-0.157193
-0.411236	2.38704	0.885927	0.845896	-0.15124
-0.409127	2.39149	0.890253	0.851611	-0.145434
-0.407027	2.39582	0.894481	0.857207	-0.139773
-0.404938	2.40005	0.898611	0.862685	-0.134256
-0.402858	2.40417	0.902644	0.868043	-0.128881
-0.400787	2.40817	0.90658	0.873281	-0.123646
-0.398725	2.41207	0.910419	0.878399	-0.118548
-0.396671	2.41586	0.914161	0.883396	-0.113586
-0.394626	2.41955	0.917807	0.888272	-0.108756
-0.392589	2.42313	0.921357	0.893027	-0.104057
-0.39056	2.42661	0.924811	0.897661	-0.0994887
-0.388538	2.42998	0.92817	0.902173	-0.0950487
-0.386523	2.43325	0.931433	0.906564	-0.0907361
-0.384516	2.43642	0.934602	0.910832	-0.0865508
-0.382515	2.43948	0.937675	0.914977	-0.082492
-0.38052	2.44245	0.940654	0.919	-0.0785591
-0.378532	2.44532	0.943539	0.9229	-0.0747524
-0.37655	2.44808	0.946329	0.926677	-0.0710709
-0.374573	2.45075	0.949026	0.930331	-0.0675134
-0.372602	2.45332	0.95163	0.933863	-0.0640798
-0.370636	2.4558	0.954141	0.937272	-0.0607683
-0.368676	2.45818	0.956561	0.940561	-0.0575768
-0.36672	2.46047	0.95889	0.943728	-0.0545037
-0.364769	2.46267	0.961129	0.946777	-0.0515465
-0.362822	2.46477	0.96328	0.949707	-0.0487026
-0.36088	2.46679	0.965343	0.952521	-0.0459701
-0.358941	2.46872	0.967321	0.955219	-0.0433469
-0.357007	2.47057	0.969213	0.957803	-0.040831
-0.355076	2.47233	0.971023	0.960275	-0.0384201
-0.353148	2.47401	0.972751	0.962638	-0.0361118
-0.351224	2.47561	0.974399	0.964892	-0.0339038
-0.349303	2.47713	0.975968	0.96704	-0.0317934
-0.347385	2.47857	0.977461	0.969083	-0.0297781
-0.34547	2.47994	0.978878	0.971024	-0.0278551
-0.343557	2.48124	0.980222	0.972866	-0.0260216
-0.341647	2.48247	0.981494	0.97461	-0.0242748
-0.33974	2.48362	0.982696	0.976258	-0.0226117
-0.337834	2.48471	0.98383	0.977814	-0.0210292
-0.335931	2.48574	0.984897	0.979279	-0.0195243
-0.33403	2.4867	0.9859	0.980655	-0.0180936
-0.33213	2.4876	0.98684	0.981945	-0.0167341
-0.330232	2.48844	0.987718	0.983152	-0.0154422
-0.328336	2.48923	0.988537	0.984277	-0.0142148
-0.326441	2.48995	0.989299	0.985323	-0.0130483
-0.324548	2.49063	0.990004	0.986292	-0.0119392
-0.322656	2.49125	0.990655	0.987186	-0.0108841
-0.320765	2.49182	0.991252	0.988007	-0.00987936
-0.318875	2.49234	0.991798	0.988758	-0.00892146
-0.316986	2.49281	0.992294	0.989439	-0.00800677
-0.315098	2.49323	0.992741	0.990054	-0.00713164
-0.313211	2.49361	0.99314	0.990603	-0.00629241
-0.311324	2.49395	0.993493	0.991087	-0.00548542
-0.309438	2.49424	0.9938	0.991509	-0.00470698
-0.307553	2.49449	0.994062	0.99187	-0.00395338
-0.305668	2.49469	0.99428	0.99217	-0.00322091
-0.303783	2.49486	0.994455	0.99241	-0.00250586
-0.301899	2.49498	0.994587	0.992592	-0.0018045
-0.300015	2.49507	0.994677	0.992716	-0.0011131
-0.298131	2.49511	0.994725	0.992781	-0.000427939
-0.296247	2.49512	0.994731	0.992789	0.00025472
-0.294362	2.49509	0.994695	0.99274	0.000938603
-0.292478	2.49501	0.994617	0.992632	0.00162743
-0.290594	2.4949	0.994497	0.992467	0.00232494
-0.288709	2.49474	0.994334	0.992243	0.00303483
-0.286825	2.49455	0.994128	0.991961	0.00376082
-0.284939	2.49431	0.993879	0.991618	0.00450661
-0.283053	2.49403	0.993585	0.991214	0.00527589
-0.281167	2.49371	0.993247	0.990748	0.00607233
-0.27928	2.49335	0.992862	0.990219	0.0068996
-0.277392	2.49293	0.99243	0.989625	0.00776134
-0.275503	2.49248	0.991949	0.988965	0.00866118
-0.273614	2.49197	0.99142	0.988237	0.00960271
-0.271723	2.49142	0.990839	0.987439	0.0105895
-0.269831	2.49082	0.990206	0.986569	0.0116251
-0.267938	2.49016	0.98952	0.985626	0.012713
-0.266044	2.48945	0.988778	0.984607	0.0138567
-0.264148	2.48869	0.98798	0.98351	0.0150596
-0.262251	2.48787	0.987123	0.982333	0.0163251
-0.260352	2.48699	0.986207	0.981075	0.0176564
-0.258451	2.48605	0.985228	0.979731	0.019057
-0.256549	2.48505	0.984186	0.978302	0.0205298
-0.254644	2.48399	0.98308	0.976783	0.0220782
-0.252737	2.48286	0.981906	0.975173	0.0237051
-0.250828	2.48166	0.980664	0.973469	0.0254135
-0.248916	2.48039	0.979351	0.971671	0.0272063
-0.247002	2.47906	0.977967	0.969774	0.0290863
-0.245085	2.47764	0.976509	0.967777	0.0310562
-0.243165	2.47616	0.974976	0.965679	0.0331187
-0.241242	2.4746	0.973367	0.963476	0.0352763
-0.239316	2.47296	0.971679	0.961168	0.0375314
-0.237386	2.47124	0.969911	0.958752	0.0398864
-0.235453	2.46944	0.968063	0.956227	0.0423435
-0.233516	2.46755	0.966132	0.953592	0.0449048
-0.231575	2.46558	0.964117	0.950843	0.0475724
-0.22963	2.46352	0.962017	0.947981	0.0503481
-0.227681	2.46138	0.959831	0.945004	0.0532338
-0.225727	2.45915	0.957558	0.94191	0.0562313
-0.223768	2.45682	0.955197	0.938699	0.0593433
-0.221805	2.45441	0.952746	0.935371	0.0625715
-0.219836	2.4519	0.950206	0.931923	0.0659174
-0.217862	2.44929	0.947576	0.928357	0.0693832
-0.215882	2.4466	0.944855	0.924672	0.0729691
-0.213897	2.4438	0.942043	0.920867	0.0766757
-0.211905	2.44091	0.939139	0.916943	0.080504
-0.209908	2.43793	0.936145	0.912901	0.0844538
-0.207903	2.43484	0.933058	0.90874	0.088525
-0.205892	2.43166	0.929881	0.904461	0.0927183
-0.203874	2.42838	0.926612	0.900065	0.0970337
-0.201849	2.425	0.923251	0.895553	0.101471
-0.199816	2.42152	0.9198	0.890924	0.106033
-0.197775	2.41794	0.916256	0.88618	0.110718
-0.195727	2.41426	0.912622	0.881321	0.115529
-0.19367	2.41047	0.908895	0.876347	0.120466
-0.191604	2.40659	0.905078	0.871259	0.125532
-0.18953	2.4026	0.901168	0.866058	0.130728
-0.187446	2.39851	0.897167	0.860745	0.136056
-0.185353	2.39431	0.893074	0.855319	0.141518
-0.18325	2.39001	0.888891	0.849784	0.147114
-0.181137	2.38561	0.884616	0.844138	0.152846
-0.179014	2.38109	0.880252	0.838385	0.158715
-0.17688	2.37648	0.875797	0.832525	0.16472
-0.174735	2.37176	0.871254	0.826561	0.170861
-0.172579	2.36693	0.866623	0.820494	0.177139
-0.170411	2.36199	0.861905	0.814326	0.183552
-0.168231	2.35696	0.857102	0.808061	0.190101
-0.166038	2.35181	0.852215	0.8017	0.196786
-0.163833	2.34657	0.847246	0.795248	0.203611
-0.161614	2.34122	0.842198	0.788708	0.210574
-0.159382	2.33577	0.837073	0.782084	0.217676
-0.157136	2.33022	0.831875	0.775381	0.224908
-0.154876	2.32458	0.826605	0.768604	0.232269
-0.152601	2.31884	0.821268	0.761756	0.23975
-0.150311	2.31301	0.815866	0.754843	0.247345
-0.148005	2.30709	0.810401	0.747868	0.25505
-0.145684	2.30109	0.804876	0.740835	0.26286
-0.143347	2.29499	0.799292	0.733747	0.270773
-0.140993	2.28881	0.793651	0.726606	0.278798
-0.138622	2.28254	0.787954	0.719414	0.286939
-0.136234	2.27618	0.782202	0.712173	0.295201
-0.133829	2.26974	0.776394	0.704885	0.303591
-0.131405	2.26321	0.770533	0.69755	0.312106
-0.128962	2.25659	0.764619	0.690172	0.320749
-0.1265	2.24989	0.758653	0.682753	0.329514
-0.124019	2.2431	0.752638	0.675296	0.3384
-0.121518	2.23623	0.746576	0.667805	0.347403
-0.118996	2.22927	0.740471	0.660285	0.356516
-0.116453	2.22224	0.734327	0.65274	0.365745
-0.113888	2.21513	0.728148	0.645178	0.375087
-0.111301	2.20796	0.721941	0.637607	0.384542
-0.108692	2.20072	0.715713	0.630035	0.394095
-0.10606	2.19343	0.709471	0.622471	0.403728
-0.103404	2.1861	0.703223	0.614925	0.413421
-0.100724	2.17872	0.696976	0.607407	0.423151
-0.0980204	2.17132	0.690738	0.599924	0.432904
-0.0952918	2.16389	0.684515	0.592485	0.442664
-0.0925382	2.15644	0.678312	0.585097	0.452427
-0.0897593	2.14899	0.672133	0.577763	0.462199
-0.0869549	2.14153	0.665983	0.570488	0.471986
-0.0841245	2.13406	0.659865	0.563278	0.481787
-0.0812677	2.12661	0.653784	0.556137	0.491595
-0.0783842	2.11916	0.647747	0.549072	0.501397
-0.0754735	2.11174	0.64176	0.542091	0.511173
-0.0725356	2.10435	0.635833	0.535205	0.520905
-0.06957	2.097	0.629977	0.528426	0.53057
-0.0665766	2.08972	0.624204	0.521766	0.540144
-0.0635555	2.08252	0.618529	0.515241	0.549599
-0.0605063	2.07543	0.612967	0.508867	0.558907
-0.0574295	2.06845	0.607534	0.502663	0.568028
-0.054325	2.06163	0.60225	0.496648	0.576929
-0.0511932	2.05499	0.597133	0.490842	0.585568
-0.0480347	2.04856	0.592203	0.485265	0.593898
-0.0448498	2.04236	0.587477	0.479937	0.601874
-0.0416397	2.03643	0.582973	0.474874	0.609454
-0.038405	2.03079	0.578706	0.470092	0.616604
-0.0351471	2.02545	0.574688	0.465602	0.623299
-0.031867	2.02045	0.570928	0.461414	0.629528
-0.028566	2.0158	0.567433	0.457533	0.635282
-0.0252455	2.01151	0.564207	0.453962	0.640554
-0.0219067	2.00758	0.561251	0.450704	0.645333
-0.0185512	2.00404	0.558567	0.447756	0.649614
-0.0151807	2.00087	0.556152	0.445115	0.6534
-0.0117962	1.99808	0.553999	0.442775	0.656704
-0.00839986	1.99567	0.5521	0.440723	0.659546
-0.00499276	1.99361	0.550443	0.438949	0.66195
-0.00157661	1.9919	0.549015	0.437434	0.663944
0.00184686	1.99052	0.547798	0.436162	0.665557
0.00527741	1.98945	0.546778	0.435115	0.666827
0.00871302	1.98866	0.545935	0.434272	0.667799
0.0121535	1.98813	0.54525	0.433612	0.668521
0.0155979	1.98784	0.5447	0.43311	0.669032
0.0190442	1.98774	0.544268	0.432745	0.669353
0.0224919	1.98784	0.543945	0.43251	0.66949
0.0259398	1.98814	0.543734	0.432408	0.669426
0.0293894	1.98866	0.543642	0.432447	0.669173
0.0328422	1.98936	0.543658	0.432613	0.668871
0.0362983	1.99023	0.543746	0.432871	0.668673
0.0397536	1.99116	0.543861	0.433165	0.668523
0.0432013	1.99212	0.543961	0.433453	0.668037
0.0466355	1.99306	0.544032	0.433715	0.666688
0.0500611	1.99403	0.544089	0.433972	0.664678
0.0534991	1.99505	0.544151	0.434243	0.663632
0.0569744	1.99598	0.544146	0.434442	0.664183
0.060468	1.99663	0.543943	0.434421	0.665447
0.0639122	1.99704	0.543455	0.434121	0.666403
0.0672705	1.99736	0.542685	0.433575	0.665882
0.0706612	1.99794	0.54157	0.43281	0.665586
0.0741626	1.99944	0.540102	0.431962	0.665657
0.077742	2.00228	0.538184	0.431038	0.666112
0.081199	2.0069	0.535776	0.4301	0.666231
0.0847637	2.01397	0.532463	0.428946	0.667288
0.0881606	2.02459	0.528434	0.427944	0.667218
0.0915287	2.04095	0.523857	0.427668	0.664706
0.0950202	2.06506	0.518677	0.42844	0.663449
0.0990986	2.09922	0.512189	0.430078	0.664641
0.10305	2.14738	0.506171	0.434776	0.664769
0.106496	2.21222	0.501372	0.443659	0.668971
0.109161	2.29861	0.4981	0.457974	0.665731
0.11425	2.40658	0.492874	0.474457	0.664363
0.117849	1.85999	0.489881	0.36447	0.661185
0.129627	2.19993	0.477692	0.420357	0.666337
0.123871	2.26409	0.483895	0.438234	0.671055
0.123124	2.30521	0.484725	0.446958	0.668742
0.132281	2.36453	0.475095	0.44935	0.669252
0.138833	2.38218	0.470677	0.448495	0.662467
0.141092	2.35966	0.469823	0.443448	0.666744
0.145333	2.35417	0.467869	0.440577	0.673859
0.148291	2.37643	0.466528	0.44347	0.659462
0.153484	2.38191	0.464129	0.442206	0.658683
0.158232	2.37696	0.461715	0.438991	0.66426
0.161644	2.3561	0.460351	0.433853	0.673055
0.165028	2.34801	0.459494	0.431559	0.676321
0.16883	2.36783	0.460179	0.435849	0.67785
0.174254	2.39221	0.465556	0.445484	0.678514
0.178913	2.40212	0.47281	0.454298	0.69087
0.182071	2.39055	0.476973	0.456092	0.712324
0.185036	2.3854	0.478878	0.456926	0.709183
0.188648	2.39629	0.477633	0.457819	0.662817
0.193485	2.40058	0.4704	0.451693	0.646387
0.197949	2.38512	0.462491	0.44124	0.640087
0.201247	2.36359	0.459746	0.43466	0.635558
0.204939	2.36014	0.463447	0.43752	0.628242
0.209913	2.40033	0.483578	0.464298	0.640228
0.215105	2.46548	0.516372	0.509242	0.719144
0.218923	2.49374	0.537093	0.535749	0.825723
0.221182	2.47862	0.543166	0.538521	0.875828
0.223339	2.45157	0.542628	0.532116	0.881604
0.226145	2.41187	0.531579	0.51284	0.8583
0.229519	2.34391	0.503722	0.472271	0.771207
0.233464	2.23772	0.456445	0.408559	0.598935
0.238373	2.09695	0.390485	0.327531	0.375744
0.24447	1.95597	0.322883	0.25262	0.182816
0.251437	1.86003	0.278204	0.206987	0.0688277
0.258784	1.81583	0.258732	0.187925	0.0210732
0.266251	1.80052	0.252247	0.181671	0.00522908
0.273748	1.79619	0.250459	0.179949	0.00106352
0.281249	1.79511	0.25004	0.17954	0.000204325
0.288751	1.79486	0.249954	0.179453	0.000147837
0.296253	1.79476	0.249922	0.17942	0.000302373
0.303756	1.79464	0.249879	0.179377	0.000559679
0.31126	1.79445	0.249808	0.179308	0.000933622
0.318767	1.79416	0.249698	0.179199	0.00147925
0.326277	1.79372	0.249533	0.179036	0.00227242
0.333793	1.79307	0.249293	0.1788	0.00340842
0.341317	1.79215	0.248954	0.178465	0.00500419
0.348853	1.79087	0.248484	0.178001	0.0071991
0.356404	1.78914	0.247847	0.177373	0.0101539
0.363976	1.78682	0.247004	0.176541	0.0140477
0.371578	1.78381	0.245909	0.175462	0.0190744
0.379216	1.77995	0.244516	0.17409	0.0254388
0.386903	1.7751	0.242774	0.172379	0.0333566
0.39465	1.76909	0.240626	0.170276	0.0430597
0.402473	1.76174	0.238017	0.16773	0.0548296
0.410389	1.7529	0.234899	0.164702	0.0690186
0.418421	1.74247	0.231251	0.16118	0.08575
0.426591	1.73043	0.227084	0.157181	0.105032
0.434923	1.71685	0.222438	0.152757	0.126871
0.443443	1.70188	0.217386	0.147986	0.151005
0.452175	1.68576	0.21203	0.142973	0.176998
0.461141	1.66879	0.20648	0.137829	0.20434
0.470359	1.65122	0.200831	0.132646	0.23253
0.479847	1.63319	0.19513	0.127474	0.261196
0.489624	1.61453	0.189321	0.122266	0.290316
0.499712	1.59437	0.183118	0.116783	0.320731
0.510164	1.57085	0.17597	0.110569	0.356052
0.521093	1.54185	0.167303	0.103182	0.400814
0.532676	1.50608	0.156897	0.0945192	0.458401
0.545134	1.46388	0.145064	0.0849424	0.528804
0.558698	1.41585	0.132176	0.0748567	0.610145
0.573692	1.35531	0.116717	0.0632753	0.719058
0.591051	1.28464	0.0998063	0.0512859	0.880392
0.611842	1.22674	0.0868537	0.0426189	1.07086
0.63634	1.1988	0.0806224	0.0386602	1.22371
0.663675	1.19408	0.078715	0.0375967	1.31285
0.692863	1.19866	0.0782518	0.0375188	1.35885
0.723229	1.20636	0.0781499	0.0377108	1.37965
0.754279	1.22212	0.0781292	0.0381934	1.39117
0.785997	1.27653	0.0781251	0.0398915	1.39382
0.827113	1.4803	0.078125	0.0462593	1.44443
